$ 1 0.000005 382.76258214399064 99 5 50 5e-11
t 128 160 240 160 0 1 -9.997955264999804 0.0000030471125737155177 100 default
g 240 176 240 224 0 0
r 240 16 240 144 0 4700
v 192 16 240 16 0 0 40 12 0 0 0.5
g 192 16 192 32 0 0
O 304 144 304 208 1 0
r 16 160 128 160 0 10000
d 128 288 128 160 2 default
g 128 288 128 304 0 0
s 128 64 128 96 0 1 true
r 128 96 128 160 0 47000
r 128 0 128 64 0 10000
v 64 0 128 0 0 0 40 12 0 0 0.5
g 64 0 64 32 0 0
r 240 144 304 144 0 22000
t 304 144 368 144 0 1 0.5713833524496608 0.6266997918423547 100 default
g 368 160 368 192 0 0
g 320 0 320 16 0 0
v 320 0 368 0 0 0 40 12 0 0 0.5
r 368 0 368 128 0 4700
c 368 128 432 128 0 1e-8 0.05531308586485748 0.001
O 432 128 432 80 1 0
403 432 496 1040 656 0 21_512_0_4354_0.0008_0.0001_-1_1
g 432 256 432 272 0 0
d 432 256 432 128 2 default
r 432 128 544 128 0 10000
r 608 -16 608 112 0 4700
v 560 -16 608 -16 0 0 40 12 0 0 0.5
g 560 -16 560 0 0 0
g 608 144 608 176 0 0
t 544 128 608 128 0 1 -11.999996411732154 0.000003474527798843914 100 default
O 608 112 656 160 1 0
403 448 336 976 480 0 31_512_0_4354_20_0.1_-1_1
O 368 128 384 208 1 0
403 304 -160 528 -16 0 33_512_0_4354_0.078125_0.1_-1_1
O 128 160 64 80 1 0
403 16 -160 240 -16 0 35_512_0_4354_0.0000762939453125_0.1_-1_1
O 544 128 528 64 1 0
403 16 -384 640 -208 0 37_512_0_4354_0.00030517578125_0.1_-1_1
165 736 16 752 16 6 1.7143523014688913e-7
w 736 112 608 112 0
g 752 -48 752 -32 0 0
v 752 -48 800 -48 0 0 40 12 0 0 0.5
w 800 -16 800 -48 0
g 832 176 832 192 0 0
w 864 48 864 -176 0
w 368 128 416 32 0
w 416 32 416 -176 0
w 864 -176 416 -176 0
r 864 -176 960 -176 0 100
r 960 -80 1056 -80 0 100
w 864 80 928 80 0
w 928 80 928 -80 0
w 928 -80 960 -80 0
r 960 -176 1152 -176 0 500000
r 1056 -80 1136 -80 0 500000
d 1136 -80 1216 -80 2 default
d 1216 -176 1152 -176 2 default
w 1216 -80 1216 -176 0
g 800 256 800 272 0 0
209 800 176 800 256 0 0.00001 7.999999999994079 0.001 1
w 736 144 736 304 0
w 736 304 1216 304 0
w 1216 -80 1216 304 0
O 1216 -176 1200 -240 1 0
O 928 -80 912 -144 1 0
O 960 -176 944 -240 1 0
403 944 -32 1200 96 0 65_512_0_4354_0.0000762939453125_0.1_-1_1
403 672 -400 944 -208 0 66_512_0_4354_0.15625_0.1_-1_1
403 976 -400 1232 -208 0 64_512_0_4354_10_0.1_-1_1
r 1296 48 1296 -16 0 20000
r 1296 -112 1296 -16 0 4700
w 1296 -112 1296 -144 0
v 1248 -144 1296 -144 0 0 40 12 0 0 0.5
g 1248 -144 1248 -128 0 0
r 1296 112 1296 48 0 18000
w 1296 112 1296 368 0
w 1296 368 688 368 0
w 688 368 688 48 0
w 688 48 736 48 0
a 1328 64 1456 64 9 12 -12 1000000 5.0601226603046525 5.060173261531255 100000
w 1328 48 1296 48 0
w 1328 80 1328 128 0
w 1328 128 1456 128 0
w 1456 128 1456 64 0
r 1456 -96 1456 0 0 500000
r 1456 64 1456 0 0 100
d 1456 -160 1456 -96 2 default
w 1216 -176 1456 -176 0
w 1456 -176 1456 -160 0
O 1296 48 1328 0 1 0
O 1456 64 1440 0 1 0
403 1312 192 1552 320 0 90_512_0_4354_5_0.1_-1_1
209 1504 -176 1504 -96 0 0.000001 3.2620723967492267 0.001 1
g 1504 -96 1504 -80 0 0
w 1456 -176 1504 -176 0
403 1600 32 2144 432 0 93_512_0_4354_10_0.00009765625_-1_2_93_3
403 448 208 672 336 0 20_512_0_4353_5_0.00009765625_-1_2_20_3
403 896 192 1136 288 0 60_512_0_4353_5_0.00009765625_-1_2_60_3
a 1536 -160 1664 -160 9 12 -12 1000000 3.2620397763514632 3.2620723967492267 100000
w 1536 -176 1504 -176 0
w 1536 -144 1536 -96 0
w 1536 -96 1664 -96 0
w 1664 -96 1664 -160 0
w 1664 -160 1696 -160 0
162 1696 -160 1696 -64 2 default-led 1 0 0 0.01
r 1696 -64 1696 16 0 10000
g 1696 16 1696 48 0 0
O 1696 -160 1776 -160 1 0
403 1744 -112 1872 -48 0 108_64_0_4353_5_0.1_-1_1
R 32 272 -16 272 1 2 0.1 2.5 2.5 0 0.5
