$ 1 0.000005 10.20027730826997 50 5 50 5e-11
v 16 272 16 160 0 0 40 0 0 0 0.5
g 16 272 16 304 0 0
t 128 160 240 160 0 1 -9.997950135126235 9.774035019935703e-8 100 default
g 240 176 240 224 0 0
r 240 16 240 144 0 4700
v 192 16 240 16 0 0 40 12 0 0 0.5
g 192 16 192 32 0 0
O 304 144 304 208 0 0
r 16 160 128 160 0 10000
403 176 304 304 368 0 7_64_0_4098_1.25_0.1_-1_1
d 128 288 128 160 2 default
g 128 288 128 304 0 0
s 128 64 128 96 0 1 true
r 128 96 128 160 0 47000
r 128 0 128 64 0 10000
v 64 0 128 0 0 0 40 12 0 0 0.5
g 64 0 64 32 0 0
r 240 144 304 144 0 22000
t 304 144 368 144 0 1 0.5713873576852944 0.626653894849787 100 default
g 368 160 368 192 0 0
g 320 0 320 16 0 0
v 320 0 368 0 0 0 40 12 0 0 0.5
r 368 0 368 128 0 4700
c 368 128 432 128 0 1e-8 0.05526288590394457 0.001
O 432 128 432 80 0 0
403 320 304 448 368 0 24_64_0_4098_0.0000762939453125_0.1_-1_1
g 432 256 432 272 0 0
d 432 256 432 128 2 default
r 432 128 544 128 0 10000
r 608 -16 608 112 0 4700
v 560 -16 608 -16 0 0 40 12 0 0 0.5
g 560 -16 560 0 0 0
g 608 144 608 176 0 0
t 544 128 608 128 0 1 -11.999996113999442 0.000003772260507315151 100 default
O 608 112 672 112 0 0
403 464 304 592 368 0 34_64_0_4098_20_0.1_-1_1
O 368 128 432 16 0 0
403 368 -80 496 -16 0 36_64_0_4098_0.15625_0.1_-1_1
