$ 1 0.000005 10.20027730826997 50 5 50 5e-11
v 16 272 16 160 0 0 40 0 0 0 0.5
g 16 272 16 304 0 0
t 128 160 240 160 0 1 -9.997950040355665 9.774034928210436e-8 100 default
g 240 176 240 224 0 0
r 240 16 240 144 0 4700
v 192 16 240 16 0 0 40 12 0 0 0.5
g 192 16 192 32 0 0
O 304 144 304 208 1 0
r 16 160 128 160 0 10000
403 160 304 416 464 0 7_64_0_4354_1.25_0.1_-1_1
d 128 288 128 160 2 default
g 128 288 128 304 0 0
s 128 64 128 96 0 1 true
r 128 96 128 160 0 47000
r 128 0 128 64 0 10000
v 64 0 128 0 0 0 40 12 0 0 0.5
g 64 0 64 32 0 0
r 240 144 304 144 0 22000
t 304 144 368 144 0 1 0.571387404622569 0.6266533564722694 100 default
g 368 160 368 192 0 0
g 320 0 320 16 0 0
v 320 0 368 0 0 0 40 12 0 0 0.5
r 368 0 368 128 0 4700
c 368 128 432 128 0 1e-8 0.0552623005891579 0.001
O 432 128 432 80 1 0
403 432 496 1040 656 0 24_64_0_4354_0.0001_0.0001_-1_1
g 432 256 432 272 0 0
d 432 256 432 128 2 default
r 432 128 544 128 0 10000
r 608 -16 608 112 0 4700
v 560 -16 608 -16 0 0 40 12 0 0 0.5
g 560 -16 560 0 0 0
g 608 144 608 176 0 0
t 544 128 608 128 0 1 -11.999996113999448 0.0000037722605018487004 100 default
O 608 112 656 160 1 0
403 448 336 976 480 0 34_64_0_4354_20_0.1_-1_1
O 368 128 384 208 1 0
403 304 -160 528 -16 0 36_64_0_4354_0.3125_0.1_-1_1
O 128 160 64 80 1 0
403 16 -160 240 -16 0 38_64_0_4354_0.0000762939453125_0.1_-1_1
O 544 128 528 64 1 0
403 16 -384 640 -208 0 40_64_0_4354_0.0000762939453125_0.1_-1_1
165 736 16 752 16 6 7.079677459175945e-8
w 736 112 608 112 0
g 752 -48 752 -32 0 0
v 752 -48 800 -48 0 0 40 12 0 0 0.5
w 800 -16 800 -48 0
g 832 176 832 192 0 0
w 864 48 864 -176 0
w 368 128 416 32 0
w 416 32 416 -176 0
w 864 -176 416 -176 0
r 864 -176 960 -176 0 100
r 960 -80 1056 -80 0 100
w 864 80 928 80 0
w 928 80 928 -80 0
w 928 -80 960 -80 0
r 960 -176 1152 -176 0 1000
r 1056 -80 1136 -80 0 1000
d 1136 -80 1216 -80 2 default
d 1216 -176 1152 -176 2 default
w 1216 -80 1216 -176 0
g 800 256 800 272 0 0
209 800 176 800 256 0 0.00001 7.999999999994079 0.001 1
w 736 144 736 304 0
w 736 304 1216 304 0
w 1216 -80 1216 304 0
O 1216 -176 1200 -240 1 0
O 928 -80 912 -144 1 0
O 960 -176 944 -240 1 0
403 976 -32 1104 32 0 68_64_0_4354_0.0000762939453125_0.1_-1_1
