$ 1 0.000005 10.20027730826997 50 5 50 5e-11
v 16 272 16 160 0 0 40 0 0 0 0.5
g 16 272 16 304 0 0
t 128 160 240 160 0 1 -9.997950135121423 9.77403501993089e-8 100 default
g 240 176 240 224 0 0
r 240 16 240 144 0 4700
v 192 16 240 16 0 0 40 12 0 0 0.5
g 192 16 192 32 0 0
O 304 144 304 208 1 0
r 16 160 128 160 0 10000
403 160 304 416 464 0 7_64_0_4354_1.25_0.1_-1_1
d 128 288 128 160 2 default
g 128 288 128 304 0 0
s 128 64 128 96 0 1 true
r 128 96 128 160 0 47000
r 128 0 128 64 0 10000
v 64 0 128 0 0 0 40 12 0 0 0.5
g 64 0 64 32 0 0
r 240 144 304 144 0 22000
t 304 144 368 144 0 1 0.571387357687678 0.6266538948224432 100 default
g 368 160 368 192 0 0
g 320 0 320 16 0 0
v 320 0 368 0 0 0 40 12 0 0 0.5
r 368 0 368 128 0 4700
c 368 128 432 128 0 1e-8 0.05526180077541509 0.001
O 432 128 432 80 1 0
403 640 208 1248 368 0 24_64_0_4354_13.1072_0.0001_-1_1
g 432 256 432 272 0 0
d 432 256 432 128 2 default
r 432 128 544 128 0 10000
r 608 -16 608 112 0 4700
v 560 -16 608 -16 0 0 40 12 0 0 0.5
g 560 -16 560 0 0 0
g 608 144 608 176 0 0
t 544 128 608 128 0 1 -11.999995028900637 0.000004857359298003291 100 default
O 608 112 672 112 1 0
403 736 16 1264 160 0 34_64_0_4354_20_0.1_-1_1
O 368 128 432 16 1 0
403 304 -160 528 -16 0 36_64_0_4354_0.3125_0.1_-1_1
O 128 160 64 80 1 0
403 16 -160 240 -16 0 38_64_0_4354_0.0000762939453125_0.1_-1_1
O 544 128 528 64 1 0
403 640 -192 1264 -16 0 40_64_0_4354_1.25_0.1_-1_1
